[[-0.6990290983103264], [0.20618897315052062], [0.3143039085323303]]
-0.840450665455
-0.523129829744
-1.08924753339
-0.81214969936
-0.922989642186
-0.940354770779
-0.932588569068
-1.04640043815
-1.27800365578
-1.19962225305
-1.13684531014
-1.20644382004
-1.35855417994
-1.09620779778
-0.984642805125
-0.927117216853
-0.551585051556
-0.544384498684
-0.77143278922
-0.724439051401
-0.696652685241
-0.469175729
-0.57608306586
-0.687595557694
-0.572963682884
-0.21827928992
-0.236551684372
-0.0854620220184
-0.22805093394
-0.476449074858
-0.690080074795
-0.591796166996
-0.64150444543
-0.822501456059
-0.970652901319
0.319607346472
0.633834785939
0.686265202171
-0.432880690901
-0.873578870141
-0.426940565005
-0.249616669064
-0.188064349333
-0.138139741685
0.0293385486151
-0.0265262275493
-0.146517372476
-0.274141979585
0.670527213186
-0.175282782801
0.747576385664
0.812532640813
0.599004532123
0.61568241653
0.429490815214
0.429511394218
0.459830545737
0.399018756595
0.649221834222
0.468372193761
0.637990230339
0.794214482082
0.579916113705
1.17621385635
1.39405760422
1.35654048535
1.13641451657
1.46105502388
0.534882245759
0.434058131269
0.6874775336
0.545943842496
0.577243954153
1.38688926309
1.41550140474
0.664305332671
0.483130156588
0.876144648005
0.868271408951
0.773739793081
0.950999047978
1.14909880709
0.81586988919
-0.811302824506
-0.573464421948
-0.159995424281
0.808652890774
-0.161511177137
0.443109616481
0.446473810492
0.298448097413
0.0802122198423
-0.193663127649
-0.456791573616
0.316739691155
0.285646054985
0.392452766588
0.260041910034
0.15725670556
$$$$$$$$$$$$$$$$$$$$$$$$$$$$$$$$$$$$$$$$$$$$$$$$$$$$$$$$$$$$
-2.23583553477 -1.0 2.23583553477
-1.39167271884 -1.0 1.39167271884
-2.89770529243 -1.0 2.89770529243
-2.16054699225 -1.0 2.16054699225
-2.45541246506 -1.0 2.45541246506
-2.50160859908 -1.0 2.50160859908
-2.4809483147 -1.0 2.4809483147
-2.78371994857 -1.0 2.78371994857
-3.39984975276 -1.0 3.39984975276
-3.19133314056 -1.0 3.19133314056
-3.02432878742 -1.0 3.02432878742
-3.20948043047 -1.0 3.20948043047
-3.61413683906 -1.0 3.61413683906
-2.91622155649 -1.0 2.91622155649
-2.61942724689 -1.0 2.61942724689
-2.46639297646 -1.0 2.46639297646
-1.46737162502 -1.0 1.46737162502
-1.4482161259 -1.0 1.4482161259
-2.05222854086 -1.0 2.05222854086
-1.92721195958 -1.0 1.92721195958
-1.85329239785 -1.0 1.85329239785
-1.24813961136 -1.0 1.24813961136
-1.53254324444 -1.0 1.53254324444
-1.82919788708 -1.0 1.82919788708
-1.52424480696 -1.0 1.52424480696
-0.580684402986 -1.0 0.580684402986
-0.629294119773 -1.0 0.629294119773
-0.227353054208 -1.0 0.227353054208
-0.606679728864 -1.0 0.606679728864
-1.26748876033 -1.0 1.26748876033
-1.83580740248 -1.0 1.83580740248
-1.57434452003 -1.0 1.57434452003
-1.70658254406 -1.0 1.70658254406
-2.18808558128 -1.0 2.18808558128
-2.58221016165 -1.0 2.58221016165
0.850245578697 -1.0 -0.850245578697
1.68617908918 -1.0 -1.68617908918
1.82565876661 -1.0 -1.82565876661
-1.15158458529 -1.0 1.15158458529
-2.32396589184 -1.0 2.32396589184
-1.135782177 -1.0 1.135782177
-0.664050659609 -1.0 0.664050659609
-0.500304149127 -1.0 0.500304149127
-0.367490628443 -1.0 0.367490628443
0.0780488043242 -1.0 -0.0780488043242
-0.070567238026 -1.0 0.070567238026
-0.389777486423 -1.0 0.389777486423
-0.72929489466 -1.0 0.72929489466
1.78379128234 -1.0 -1.78379128234
-0.466301581436 -1.0 0.466301581436
1.98876378677 1.0 1.98876378677
2.1615657244 1.0 2.1615657244
1.59352080195 1.0 1.59352080195
1.63788867282 1.0 1.63788867282
1.142566561 1.0 1.142566561
1.14262130694 1.0 1.14262130694
1.22327879124 1.0 1.22327879124
1.06150230074 1.0 1.06150230074
1.72711297232 1.0 1.72711297232
1.24600198126 1.0 1.24600198126
1.69723374192 1.0 1.69723374192
2.11283426173 1.0 2.11283426173
1.54274023152 1.0 1.54274023152
3.12906021094 1.0 3.12906021094
3.70858594937 1.0 3.70858594937
3.60877984416 1.0 3.60877984416
3.02318275517 1.0 3.02318275517
3.8868179596 1.0 3.8868179596
1.42293745623 1.0 1.42293745623
1.15471690837 1.0 1.15471690837
1.82888390974 1.0 1.82888390974
1.45236441973 1.0 1.45236441973
1.53563153434 1.0 1.53563153434
3.68951614256 1.0 3.68951614256
3.76563249972 1.0 3.76563249972
1.76723932739 1.0 1.76723932739
1.28526231987 1.0 1.28526231987
2.33079158376 1.0 2.33079158376
2.3098465499 1.0 2.3098465499
2.05836582104 1.0 2.05836582104
2.52992537504 1.0 2.52992537504
3.05692654127 1.0 3.05692654127
2.17044374522 1.0 2.17044374522
-2.15829406657 1.0 -2.15829406657
-1.52557691394 1.0 -1.52557691394
-0.425632901147 1.0 -0.425632901147
2.15124449632 1.0 2.15124449632
-0.42966523075 1.0 -0.42966523075
1.17879640894 1.0 1.17879640894
1.18774611274 1.0 1.18774611274
0.793956015396 1.0 0.793956015396
0.21338710149 1.0 0.21338710149
-0.515198476687 1.0 -0.515198476687
-1.21519426928 1.0 -1.21519426928
0.842616807702 1.0 0.842616807702
0.759898976056 1.0 0.759898976056
1.0440349176 1.0 1.0440349176
0.691784737502 1.0 0.691784737502
0.41834713782 1.0 0.41834713782
min geometric margin =  0.070567238026  value of i =  [1, 5.7397661, -1.625731]  no of outliers =  11
